39 -156 1
-41 418 1
-62 -270 -1
-36 -75 -1
87 -219 1
34 -450 -1
51 168 1
95 235 1
-14 517 1
-40 336 1
71 -216 1
-21 128 1
47 -431 -1
28 -594 -1
73 -95 1
-22 474 1
99 -413 1
-37 -228 -1
-92 554 1
-31 562 1
66 426 1
65 470 1
-35 -194 -1
84 450 1
26 -277 -1
-86 348 -1
36 71 1
-28 -526 -1
-70 131 -1
-91 311 -1
63 549 1
78 -517 -1
-98 -339 -1
-50 297 1
-90 205 -1
-30 80 -1
-25 -423 -1
40 564 1
-12 591 1
76 -236 1
-60 -536 -1
-79 554 1
-53 -86 -1
22 -342 -1
19 -226 -1
7 522 1
31 568 1
52 -493 -1
-39 559 1
-41 135 -1
4 362 1
44 527 1
83 -507 -1
-35 541 1
-55 -310 -1
-77 -340 -1
-35 -469 -1
-92 47 -1
-34 -296 -1
-79 403 1
17 -482 -1
78 352 1
80 74 1
7 -600 -1
51 40 1
-17 -346 -1
-96 104 -1
-60 -46 -1
-55 227 -1
12 -306 -1
-85 525 1
-16 225 1
16 517 1
69 -99 1
35 377 1
63 -72 1
-85 315 -1
14 -590 -1
-79 595 1
43 -510 -1
-37 -397 -1
38 17 1
76 335 1
-100 -170 -1
-14 -248 -1
-32 -418 -1
57 487 1
54 -273 -1
32 -190 -1
-22 -541 -1
-53 -355 -1
-76 28 -1
-58 -316 -1
25 111 1
19 376 1
94 -136 1
3 340 1
89 258 1
-54 600 1
12 -576 -1
-84 191 -1
65 40 1
-65 549 1
13 235 1
63 -39 1
90 -244 1
30 -95 1
-61 -125 -1
-84 -476 -1
-27 -26 -1
97 332 1
-44 -33 -1
-55 -217 -1
-73 -135 -1
81 248 1
-14 477 1
12 306 1
-98 -438 -1
-5 -460 -1
67 -486 -1
-89 -273 -1
-36 -541 -1
-23 -402 -1
46 564 1
94 -387 1
95 -47 1
25 268 1
71 -10 1
-42 74 -1
-25 307 1
-54 562 1
97 -131 1
-99 182 -1
39 -538 -1
-24 472 1
43 466 1
-75 591 1
-85 -140 -1
14 -188 -1
79 250 1
22 138 1
62 420 1
-94 532 1
24 581 1
-28 484 1
-72 -563 -1
-75 -496 -1
-93 -168 -1
-20 -469 -1
95 -121 1
78 286 1
20 448 1
-21 -209 -1
-97 485 -1
55 178 1
39 -99 1
-92 396 -1
47 588 1
63 -145 1
-87 -18 -1
-3 140 1
99 -111 1
-22 150 1
41 128 1
-57 367 1
0 109 1
-89 -273 -1
-93 -43 -1
-2 -81 -1
-41 -169 -1
-87 494 1
40 -184 1
-37 46 -1
57 -353 -1
-64 -2 -1
-96 -404 -1
56 27 1
-18 258 1
-4 -243 -1
-51 111 -1
-26 413 1
68 482 1
76 336 1
-52 -338 -1
40 160 1
-47 255 1
-12 -597 -1
-81 124 -1
-40 531 1
93 -496 -1
-17 -330 -1
85 506 1
25 -359 -1
41 -236 -1
11 215 1
-24 -342 -1
-9 -51 -1
82 20 1
36 -89 1
-77 -11 -1