-2.52081e-123
-2.52081e-123
0.012955
0.043542
0.087123
0.133373
0.181769
0.230196
0.278625
0.327253
0.411744
0.496139
0.581885
0.669245
0.768434
0.915572
1.07344
1.23047
1.38671
1.54214
1.69659
1.85019
2.00001
2.15139
2.30252
2.4532
2.59818
2.74347
2.90702
3.0687
3.23
3.39078
3.55693
3.71547
3.87458
4.01843
4.15983
4.30083
4.45763
4.6193
4.78622
4.95427
5.12421
5.30335
5.48388
5.66456
5.84745
6.03102
6.19942
6.38166
6.5642
6.75077
6.95188
7.15649
7.36089
7.56211
7.76192
7.96383
8.15086
8.34365
8.53475
8.72477
8.91347
9.09042
9.26698
9.44205
9.62114
9.79796
9.96866
10.1214
10.2719
10.4182
10.5662
10.7118
10.8567
11.0014
11.148
11.3028
11.458
11.6027
11.7453
11.8872
12.0291
12.1706
12.3121
12.4566
12.593
12.7316
12.8703
13.0093
13.1484
13.2872
13.3717
13.455
13.5368
13.6183
13.6968
13.7397
13.7846
13.8323
13.8917
13.9573
14.03
14.1123
14.1945
14.2885
14.3845
14.4782
14.5752
14.6727
14.7734
14.8741
14.9782
15.0933
15.2133
15.353
15.4929
15.6369
15.7803
15.9267
16.0729
16.2413
16.4138
16.5883
16.7679
16.9469
17.1331
17.3193
17.5061
17.6963
17.8843
18.0766
18.2715
18.4769
18.6813
18.8734
19.0684
19.2745
19.4809
19.6892
19.8978
20.0861
20.2627
20.4682
20.6715
20.8727
21.0618
21.2565
21.4511
21.6535
21.8557
22.058
22.264
22.4554
22.6475
22.8395
23.0267
23.2042
23.3828
23.557
23.7314
23.9043
24.0758
24.2135
24.3544
24.5206
24.6908
24.8588
25.0404
25.2143
25.3883
25.5591
25.7197
25.8786
26.0333
26.191
26.3485
26.5063
26.6623
26.8187
26.9709
27.1231
27.2726
27.42
27.5636
27.6749
27.782
27.8854
28.0055
28.1219
28.2407
28.3593
28.4784
28.5975
28.7167
28.8284
28.9408
29.0503
29.1594
29.2682
29.3778
29.4881
29.5983
29.7095
29.8217
29.934
30.0463
30.1591
30.207
30.2539
30.2989
30.348
30.4
30.4534
30.5042
30.5586
30.6195
30.6803
30.7481
30.8192
30.8933
31.0329
31.1758
31.3193
31.4638
31.608
31.7569
31.9053
32.0524
32.228
32.4081
32.5902
32.7731
32.9554
33.1362
33.3151
33.4956
33.6762
33.8586
34.0372
34.2302
34.4072
34.5868
34.7677
34.9504
35.1347
35.3249
35.5289
35.7326
35.9178
36.1
36.2744
36.4641
36.6537
36.8417
37.0283
37.2364
37.4487
37.662
37.8747
38.0617
38.2562
38.4511
38.6506
38.8487
39.0456
39.2393
39.4196
39.6024
39.7856
39.9785
40.1722
40.3562
40.5415
40.7513
40.9622
41.146
41.3288
41.5115
41.6934
41.8751
42.0447
42.2152
42.3816
42.5437
42.7029
42.8608
43.0178
43.1742
43.3307
43.4666
43.5978
43.7254
43.8489
43.9102
43.9704
44.0297
44.0859
44.1396
44.1932
44.2455
44.298
44.3438
44.3894
44.4303
44.4713
44.5126
44.5575
44.5996
44.6417
44.6812
44.7244
44.7685
44.8499
44.9285
45.0054
45.0816
45.1576
45.2336
45.3581
45.4828
45.6112
45.7408
45.8701
46.0233
46.2048
46.3851
46.5624
46.736
46.9078
47.085
47.2658
47.4538
47.6587
47.8694
48.0856
48.3217
48.5615
48.8042
49.0359
49.2751
49.515
49.7579
50.0048
50.2439
50.4611
50.6809
50.9022
51.1232
51.3454
51.5794
51.8118
52.0418
52.2461
52.4474
52.6465
52.8027
52.9574
53.1139
53.3033
53.4884
53.6784
53.8678
54.0564
54.2459
54.4452
54.6431
54.8414
55.0408
55.2552
55.4584
55.6565
55.855
56.0548
56.2575
56.4613
56.6654
56.8693
57.0708
57.2584
57.4428
57.6254
57.8097
57.9957
58.1809
58.3896
58.5976
58.8043
59.0094
59.1937
59.3705
59.5455
59.7134
59.8783
60.0426
60.2064
60.3698
60.5275
60.6702
60.8119
60.9506
61.0858
61.219
61.3489
61.4785
61.517
61.5558
61.5944
61.6359
61.6775
61.7212
61.7682
61.81
61.8518
61.8925
61.9325
61.9724
62.0121
62.0554
62.0996
62.1452
62.1909
62.2364
62.2819
62.326
62.3682
62.4117
62.4611
62.5089
62.5579
62.6029
62.6579
62.7173
62.7811
62.8536
62.9279
63.0046
63.081
63.157
63.2334
63.3192
63.4189
63.5206
63.6243
63.7294
63.848
63.9769
64.1046
64.2606
64.4182
64.5754
64.7498
64.9212
65.0877
65.2571
65.4319
65.6034
65.7739
65.942
66.1073
66.2722
66.4382
66.6078
66.7762
66.9438
67.1072
67.2766
67.4458
67.5855
67.7298
67.8744
68.0505
68.2255
68.4083
68.5889
68.7632
68.9735
69.183
69.3916
69.6058
69.8193
70.0334
70.2401
70.4385
70.6378
70.8443
71.0513
71.2591
71.4746
71.6903
71.9089
72.1109
72.3164
72.5235
72.7408
72.9773
73.187
73.3948
73.6057
73.81
74.009
74.2017
74.3879
74.5741
74.7614
74.947
75.1339
75.3203
75.5016
75.6859
75.8701
76.05
76.2266
76.4002
76.5587
76.6658
76.7789
76.8903
76.9995
77.1146
77.2311
77.3497
77.4849
77.6205
77.7578
77.8987
78.036
78.1723
78.3085
78.4474
78.5685
78.6896
78.8116
78.9393
79.0834
79.2294
79.3657
79.5015
79.6415
79.8232
80.0048
80.1866
80.3536
80.5226
80.693
80.8647
81.0396
81.2146
81.4166
81.6146
81.8118
82.0096
82.2118
82.4163
82.6135
82.8104
83.0047
83.1993
83.3972
83.5566
83.7214
83.9089
84.0975
84.2855
84.4719
84.6551
84.835
85.0171
85.1648
85.3291
85.4928
85.6554
85.8081
85.9857
86.1631
86.3389
86.5198
86.7002
86.8769
87.0817
87.2885
87.4787
87.6901
87.9015
88.1092
88.3221
88.5352
88.7439
88.9681
89.1886
89.4024
89.6205
89.8259
90.0297
90.2426
90.4623
90.6852
90.903
91.1238
91.3377
91.5579
91.7785
91.9812
92.1864
92.3924
92.5926
92.7893
92.9858
93.1458
93.3048
93.454
93.5514
93.645
93.7385
93.8291
93.9173
94.0105
94.0975
94.1826
94.2636
94.3387
94.4116
94.4827
94.5543
94.6259
94.6956
94.7627
94.8316
94.9008
95.0262
95.1522
95.2782
95.4015
95.5239
95.6461
95.7695
95.8928
96.0132
96.1346
96.256
96.3773
96.4986
96.6209
96.7765
96.9328
97.0873
97.2417
97.3959
97.5534
97.6667
97.7826
97.8985
98.0208
98.1434
98.2663
98.3899
98.5123
98.6484
98.7838
98.918
99.0559
99.1935
99.33
99.4288
99.5273
99.6253
99.7237
99.8222
99.9146
100.007
100.1
100.193
100.317
100.441
100.563
100.685
100.809
100.918
101.027
101.14
101.25
101.363
101.478
101.595
101.712
101.829
101.988
102.148
102.307
102.487
102.669
102.85
103.012
103.197
103.381
103.564
103.749
103.949
104.152
104.355
104.552
104.746
104.947
105.151
105.359
105.567
105.756
105.948
106.14
106.328
106.517
106.71
106.908
107.095
107.287
107.482
107.673
107.838
107.987
108.131
108.271
108.411
108.551
108.687
108.82
108.953
109.085
109.195
109.29
109.382
109.471
109.53
109.639
109.747
109.851
109.953
110.055
110.157
110.259
110.36
110.462
110.564
110.664
110.765
110.867
110.969
111.069
111.169
111.268
111.368
111.467
111.573
111.631
111.689
111.748
111.807
111.865
111.923
111.992
112.061
112.132
112.22
112.31
112.411
112.515
112.634
112.776
112.923
113.076
113.227
113.377
113.535
113.693
113.849
114.002
114.155
114.315
114.492
114.67
114.848
115.034
115.225
115.418
115.628
115.873
116.126
116.378
116.628
116.876
117.125
117.39
117.654
117.922
118.189
118.457
118.724
118.984
119.233
119.487
119.738
119.978
120.22
120.462
120.68
120.832
120.984
121.147
121.309
121.475
121.639
121.77
121.894
122.045
122.208
122.37
122.54
122.718
122.894
123.07
123.244
123.425
123.607
123.791
123.973
124.155
124.336
124.509
124.684
124.853
125.022
125.19
125.357
125.479
125.559
125.639
125.717
125.793
125.868
125.942
126.012
126.099
126.205
126.312
126.423
126.533
126.644
126.769
126.896
127.023
127.151
127.281
127.414
127.549
127.685
127.823
127.964
128.102
128.242
128.378
128.516
128.643
128.75
128.858
128.96
129.062
129.166
129.233
129.343
129.454
129.566
129.712
129.858
130.005
130.154
130.316
130.476
130.638
130.801
130.965
131.13
131.297
131.469
131.657
131.846
132.045
132.243
132.443
132.65
132.86
133.067
133.265
133.464
133.66
133.86
134.047
134.234
134.421
134.609
134.797
134.985
135.187
135.388
135.571
135.754
135.919
136.085
136.25
136.381
136.51
136.668
136.855
137.068
137.282
137.492
137.707
137.935
138.164
138.389
138.623
138.853
139.077
139.298
139.523
139.745
139.969
140.198
140.427
140.657
140.889
141.12
141.34
141.537
141.733
141.932
142.124
142.287
142.451
142.618
142.747
142.878
143.008
143.138
143.269
143.399
143.527
143.654
143.78
143.907
144.033
144.118
144.256
144.395
144.533
144.67
144.801
144.929
145.054
145.178
145.303
145.425
145.546
145.668
145.789
145.909
146.029
146.148
146.267
146.385
146.505
146.627
146.669
146.711
146.752
146.8
146.848
146.896
146.947
147.031
147.114
147.262
147.413
147.564
147.718
147.875
148.032
148.19
148.351
148.52
148.688
148.858
149.028
149.197
149.365
149.538
149.728
149.921
150.113
150.316
150.517
150.687
150.871
151.072
151.271
151.468
151.669
151.873
152.075
152.272
152.473
152.67
152.871
153.075
153.281
153.486
153.676
153.863
154.054
154.228
154.403
154.575
154.736
154.872
155.018
155.165
155.31
155.455
155.6
155.745
155.882
156.019
156.152
156.28
156.41
156.535
156.66
156.785
156.914
157.041
157.174
157.329
157.482
157.636
157.782
157.939
158.096
158.251
158.407
158.563
158.723
158.909
159.096
159.285
159.473
159.663
159.854
160.043
160.223
160.403
160.576
160.725
160.875
161.022
161.169
161.3
161.43
161.559
161.687
161.815
161.938
162.001
162.073
162.146
162.217
162.287
162.356
162.426
162.54
162.653
162.8
162.947
163.098
163.248
163.398
163.548
163.698
163.853
164.008
164.165
164.323
164.479
164.636
164.793
164.962
165.129
165.301
165.476
165.628
165.78
165.906
166.031
166.143
166.255
166.368
166.48
166.594
166.705
166.816
166.94
167.066
167.192
167.317
167.456
167.59
167.726
167.867
168.005
168.144
168.285
168.42
168.592
168.761
168.932
169.103
169.277
169.451
169.626
169.807
169.984
170.158
170.331
170.505
170.671
170.829
170.986
171.145
171.303
171.461
171.618
171.774
171.887
171.998
172.111
172.224
172.336
172.448
172.561
172.661
172.763
172.863
172.959
173.102
173.246
173.391
173.544
173.686
173.829
173.971
174.113
174.254
174.395
174.536
174.674
174.852
175.03
175.206
175.379
175.552
175.722
175.893
176.062
176.207
176.353
176.502
176.643
176.784
176.923
177.062
177.202
177.343
177.484
177.625
177.766
177.831
177.892
177.955
178.018
178.082
178.146
178.208
178.269
178.328
178.386
178.419
178.446
178.473
178.5
178.532
178.567
178.61
178.652
178.701
178.82
178.942
179.068
179.195
179.32
179.445
179.57
179.696
179.822
179.951
180.083
180.214
180.346
180.478
180.619
180.76
180.9
181.043
181.186
181.331
181.428
181.549
181.672
181.811
181.951
182.095
182.238
182.384
182.54
182.694
182.849
183.008
183.168
183.383
183.595
183.806
184.026
184.241
184.453
184.659
184.865
185.071
185.281
185.485
185.722
185.958
186.195
186.433
186.673
186.91
187.145
187.375
187.605
187.796
187.989
188.183
188.384
188.589
188.799
189.012
189.24
189.478
189.712
189.949
190.151
190.351
190.552
190.756
190.956
191.166
191.374
191.582
191.788
191.993
192.202
192.41
192.602
192.793
192.979
193.161
193.327
193.469
193.606
193.73
193.853
193.974
194.093
194.211
194.33
194.417
194.503
194.578
194.651
194.724
194.794
194.866
194.938
195.01
195.073
195.118
195.163
195.209
195.253
195.306
195.36
195.448
195.536
195.623
195.74
195.858
195.976
196.094
196.212
196.38
196.549
196.717
196.885
197.068
197.247
197.436
197.628
197.82
198.023
198.232
198.434
198.633
198.838
199.039
199.239
199.447
199.657
199.867
200.077
200.265
200.457
200.647
200.833
201.008
201.186
201.357
201.523
201.689
201.836
201.973
202.11
202.244
202.35
202.511
202.672
202.829
202.987
203.145
203.319
203.492
203.666
203.879
204.103
204.327
204.544
204.769
205.001
205.24
205.478
205.712
205.942
206.175
206.415
206.64
206.871
207.11
207.353
207.595
207.832
208.075
208.318
208.531
208.732
208.927
209.121
209.318
209.509
209.697
209.885
210.077
210.263
210.439
210.61
210.781
210.947
211.091
211.196
211.294
211.376
211.455
211.533
211.612
211.69
211.769
211.848
211.88
211.912
211.944
211.976
212.006
212.035
212.064
212.092
212.118
212.142
212.164
212.19
212.221
212.251
212.282
212.387
212.492
212.603
212.715
212.828
212.94
213.053
213.166
213.279
213.405
213.531
213.66
213.793
213.925
214.063
214.201
214.34
214.476
214.613
214.749
214.852
214.972
215.089
215.208
215.328
215.45
215.573
215.7
215.831
215.951
216.073
216.191
216.308
216.431
216.549
216.669
216.792
216.915
217.039
217.166
217.313
217.458
217.601
217.743
217.882
218.02
218.166
218.309
218.47
218.632
218.796
218.96
219.123
219.285
219.454
219.623
219.796
219.97
220.146
220.339
220.521
220.707
220.897
221.093
221.29
221.486
221.691
221.898
222.091
222.28
222.466
222.652
222.837
223.023
223.207
223.389
223.571
223.754
223.932
224.088
224.244
224.384
224.522
224.638
224.75
224.864
224.918
224.972
225.026
225.077
225.127
225.179
225.231
225.285
225.34
225.393
225.444
225.495
225.541
225.615
225.705
225.795
225.883
225.971
226.061
226.148
226.236
226.324
226.415
226.507
226.598
226.742
226.895
227.081
227.264
227.445
227.625
227.827
228.028
228.232
228.437
228.644
228.853
229.067
229.279
229.496
229.71
229.924
230.139
230.354
230.569
230.78
230.992
231.176
231.361
231.55
231.738
231.89
232.038
232.195
232.351
232.509
232.668
232.827
232.989
233.147
233.308
233.469
233.626
233.781
233.936
234.102
234.265
234.426
234.586
234.743
234.899
235.053
235.208
235.353
235.5
235.656
235.808
235.957
236.12
236.283
236.439
236.597
236.756
236.921
237.085
237.223
237.369
237.514
237.664
237.815
237.973
238.134
238.297
238.461
238.626
238.8
238.975
239.149
239.301
239.454
239.602
239.751
239.899
240.046
240.196
240.33
240.463
240.595
240.725
240.851
240.961
241.071
241.182
241.292
241.402
241.466
241.529
241.592
241.656
241.719
241.783
241.848
241.916
241.974
242.03
242.086
242.138
242.19
242.243
242.295
242.34
242.388
242.438
242.498
242.555
242.611
242.67
242.739
242.833
242.929
243.025
243.121
243.23
243.341
243.464
243.589
243.719
243.851
243.983
244.121
244.263
244.401
244.557
244.72
244.883
245.043
245.224
245.405
245.593
245.775
245.955
246.148
246.351
246.556
246.765
246.98
247.194
247.415
247.639
247.865
248.087
248.313
248.542
248.768
248.989
249.229
249.456
249.689
249.919
250.152
250.388
250.605
250.819
251.028
251.237
251.461
251.685
251.906
252.129
252.346
252.563
252.779
252.984
253.207
253.43
253.635
253.842
254.047
254.247
254.445
254.641
254.838
255.041
255.245
255.445
255.615
255.786
255.961
256.134
256.307
256.48
256.647
256.814
256.943
257.071
257.22
257.369
257.516
257.665
257.812
257.961
258.111
258.242
258.372
258.503
258.63
258.757
258.921
259.082
259.242
259.402
259.561
259.723
259.882
260.041
260.183
260.324
260.467
260.608
260.75
260.925
261.154
261.383
261.615
261.854
262.098
262.339
262.581
262.823
263.063
263.32
263.583
263.839
264.101
264.359
264.616
264.876
265.13
265.384
265.633
265.876
266.087
266.301
266.509
266.714
266.907
267.106
267.291
267.479
267.67
267.849
268.024
268.2
268.367
268.533
268.701
268.866
269.032
269.202
269.393
269.591
269.788
269.999
270.209
270.422
270.638
270.852
271.066
271.278
271.478
271.674
271.861
272.045
272.222
272.412
272.602
272.793
272.994
273.195
273.373
273.552
273.732
273.888
274.049
274.216
274.362
274.491
274.615
274.74
274.864
274.984
275.11
275.227
275.328
275.459
275.595
275.732
275.89
276.102
276.314
276.538
276.775
277.005
277.23
277.449
277.668
277.88
278.093
278.298
278.504
278.714
278.926
279.139
279.349
279.556
279.765
279.971
280.171
280.32
280.47
280.594
280.675
280.755
280.837
280.922
281.003
281.082
281.16
281.238
281.317
281.41
281.525
281.642
281.758
281.875
281.996
282.12
282.234
282.348
282.462
282.578
282.694
282.829
282.967
283.108
283.247
283.388
283.533
283.688
283.843
283.991
284.12
284.249
284.379
284.509
284.64
284.764
284.886
285.008
285.131
285.253
285.386
285.494
285.602
285.71
285.819
285.994
286.167
286.332
286.497
286.663
286.833
287.001
287.168
287.36
287.549
287.741
287.932
288.124
288.315
288.505
288.693
288.881
289.069
289.254
289.439
289.569
289.699
289.829
289.962
290.093
290.217
290.346
290.474
290.538
290.603
290.672
290.739
290.81
290.88
290.951
291.052
291.163
291.276
291.39
291.506
291.629
291.753
291.879
292.003
292.127
292.252
292.392
292.534
292.697
292.859
293.015
293.173
293.326
293.477
293.63
293.805
293.979
294.149
294.321
294.494
294.669
294.848
295.026
295.206
295.384
295.558
295.725
295.893
296.041
296.183
296.327
296.467
296.619
296.771
296.923
297.029
297.147
297.268
297.433
297.595
297.757
297.916
298.079
298.239
298.397
298.555
298.747
298.946
299.157
299.37
299.583
299.795
300.004
300.21
300.414
300.637
300.864
301.092
301.307
301.516
301.728
301.942
302.154
302.364
302.573
302.81
303.04
303.273
303.5
303.723
303.945
304.165
304.39
304.619
304.848
305.047
305.232
305.414
305.595
305.777
305.958
306.139
306.319
306.499
306.679
306.772
306.864
306.956
307.047
307.137
307.227
307.315
307.361
307.431
307.501
307.574
307.645
307.735
307.826
307.916
308.043
308.17
308.299
308.426
308.564
308.72
308.885
309.072
309.279
309.498
309.713
309.941
310.159
310.377
310.599
310.816
311.025
311.236
311.428
311.608
311.793
311.959
312.126
312.293
312.461
312.634
312.808
312.981
313.157
313.328
313.506
313.677
313.853
314.037
314.211
314.381
314.551
314.718
314.877
315.041
315.207
315.374
315.549
315.724
315.906
316.092
316.296
316.503
316.708
316.898
317.092
317.279
317.458
317.637
317.823
318.02
318.227
318.428
318.632
318.838
319.036
319.236
319.435
319.632
319.837
320.043
320.244
320.44
320.637
320.836
321.03
321.242
321.457
321.663
321.869
322.074
322.277
322.491
322.705
322.92
323.136
323.361
323.589
323.827
324.053
324.28
324.499
324.72
324.941
325.14
325.341
325.539
325.734
325.932
326.114
326.282
326.449
326.615
326.782
326.946
327.096
327.246
327.397
327.504
327.613
327.726
327.832
327.939
328.047
328.145
328.263
328.382
328.49
328.662
328.834
329
329.201
329.434
329.67
329.906
330.149
330.396
330.638
330.88
331.12
331.353
331.582
331.803
332.021
332.241
332.462
332.681
332.894
333.086
333.27
333.454
333.624
333.77
333.916
334.061
334.195
334.317
334.441
334.562
334.682
334.806
334.932
335.055
335.175
335.297
335.42
335.543
335.657
335.776
335.91
336.049
336.189
336.326
336.47
336.614
336.76
336.907
337.061
337.216
337.369
337.521
337.669
337.824
337.98
338.134
338.289
338.455
338.62
338.78
338.934
339.102
339.268
339.434
339.597
339.76
339.92
340.076
340.232
340.386
340.539
340.695
340.855
341.047
341.24
341.431
341.621
341.821
342.023
342.225
342.422
342.602
342.781
342.96
343.133
343.31
343.483
343.656
343.821
343.987
344.177
344.369
344.559
344.724
344.891
345.063
345.261
345.447
345.636
345.828
346.024
346.22
346.417
346.618
346.829
347.04
347.256
347.475
347.693
347.91
348.096
348.282
348.468
348.661
348.854
349.045
349.199
349.36
349.519
349.678
349.868
350.065
350.262
350.454
350.64
350.819
350.995
351.166
351.34
351.516
351.691
351.864
352.036
352.202
352.365
352.527
352.69
352.843
352.994
353.141
353.236
353.302
353.364
353.426
353.487
353.549
353.61
353.671
353.73
353.805
353.88
353.959
354.038
354.118
354.198
354.277
354.364
354.451
354.558
354.666
354.77
354.876
354.981
355.089
355.202
355.318
355.472
355.632
355.793
355.949
356.109
356.303
356.498
356.692
356.885
357.084
357.283
357.483
357.672
357.864
358.056
358.247
358.441
358.641
358.84
359.045
359.255
359.465
359.675
359.885
360.094
360.266
360.444
360.624
360.804
360.981
361.155
361.328
361.533
361.735
361.941
362.149
362.356
362.583
362.806
363.024
363.244
363.463
363.685
363.905
364.133
364.364
364.593
364.82
365.05
365.283
365.516
365.752
365.963
366.172
366.38
366.586
366.788
366.957
367.128
367.297
367.423
367.552
367.681
367.819
367.928
368.036
368.145
368.253
368.359
368.462
368.563
368.663
368.769
368.893
369.018
369.143
369.266
369.388
369.505
369.623
369.733
369.84
369.951
370.054
370.155
370.256
370.358
370.46
370.563
370.667
370.772
370.878
370.975
371.066
371.165
371.276
371.391
371.506
371.622
371.737
371.854
371.971
372.096
372.228
372.386
372.544
372.719
372.918
373.113
373.302
373.488
373.664
373.831
373.996
374.165
374.343
374.507
374.67
374.832
375.002
375.171
375.34
375.527
375.72
375.906
376.088
376.261
376.407
376.555
376.71
376.869
377.03
377.191
377.377
377.558
377.732
377.915
378.095
378.277
378.463
378.655
378.853
379.028
379.2
379.371
379.546
379.727
379.913
380.118
380.319
380.518
380.721
380.928
381.133
381.338
381.547
381.757
381.97
382.182
382.396
382.609
382.823
383.054
383.283
383.54
383.801
384.072
384.338
384.596
384.856
385.123
385.376
385.622
385.863
386.101
386.321
386.521
386.734
386.934
387.14
387.333
387.529
387.737
387.939
388.132
388.336
388.52
388.704
388.9
389.086
389.245
389.409
389.541
389.67
389.803
389.936
390.072
390.211
390.339
390.47
390.592
390.712
390.834
390.936
391.036
391.138
391.224
391.33
391.47
391.609
391.771
391.964
392.161
392.361
392.562
392.783
393.013
393.238
393.47
393.694
393.907
394.11
394.323
394.53
394.728
394.908
395.092
395.294
395.511
395.721
395.933
396.137
396.355
396.583
396.811
397.033
397.247
397.465
397.675
397.888
398.102
398.316
398.487
398.66
398.821
398.957
399.09
399.229
399.365
399.473
399.58
399.706
399.828
399.949
400.069
400.189
400.309
400.428
400.567
400.704
400.84
400.978
401.113
401.251
401.387
401.551
401.715
401.888
402.065
402.26
402.456
402.652
402.857
403.064
403.294
403.52
403.76
404
404.238
404.481
404.723
404.96
405.189
405.417
405.64
405.868
406.092
406.313
406.528
406.734
406.938
407.139
407.337
407.531
407.706
407.884
408.04
408.2
408.358
408.516
408.676
408.836
409.01
409.16
409.311
409.46
409.635
409.809
409.984
410.157
410.33
410.501
410.675
410.851
411.026
411.201
411.366
411.565
411.763
411.994
412.224
412.453
412.67
412.887
413.107
413.323
413.511
413.699
413.886
414.07
414.252
414.434
414.611
414.785
414.957
415.131
415.301
415.446
415.592
415.691
415.815
415.943
416.074
416.213
416.351
416.49
416.628
416.772
416.941
417.111
417.282
417.453
417.63
417.806
417.979
418.149
418.32
418.489
418.655
418.818
418.957
419.095
419.23
419.36
419.486
419.612
419.766
419.92
420.055
420.191
420.33
420.489
420.651
420.816
420.985
421.154
421.326
421.501
421.706
421.91
422.115
422.325
422.535
422.749
422.962
423.175
423.366
423.554
423.74
423.926
424.109
424.287
424.462
424.632
424.798
424.964
425.127
425.291
425.412
425.533
425.655
425.765
425.875
426.029
426.212
426.396
426.578
426.761
426.941
427.121
427.301
427.465
427.63
427.795
427.96
428.126
428.291
428.453
428.613
428.771
428.93
429.091
429.253
429.373
429.43
429.532
429.634
429.738
429.848
429.969
430.092
430.214
430.372
430.543
430.719
430.898
431.081
431.264
431.458
431.658
431.861
432.065
432.271
432.481
432.691
432.892
433.095
433.299
433.504
433.705
433.909
434.114
434.296
434.46
434.624
434.787
434.942
435.099
435.223
435.381
435.551
435.722
435.884
436.045
436.206
436.37
436.532
436.698
436.862
437.027
437.193
437.359
437.524
437.694
437.86
438.03
438.197
438.363
438.532
438.682
438.818
438.957
439.093
439.233
439.38
439.523
439.667
439.806
439.965
440.126
440.28
440.471
440.675
440.873
441.07
441.272
441.47
441.684
441.892
442.099
442.308
442.514
442.724
442.925
443.131
443.336
443.547
443.759
443.965
444.165
444.364
444.534
444.69
444.844
445.004
445.149
445.296
445.395
445.494
445.593
445.691
445.79
445.852
445.912
445.972
446.036
446.097
446.157
446.219
446.285
446.347
446.409
446.465
446.52
446.572
446.679
446.818
446.958
447.124
447.309
447.504
447.712
447.915
448.114
448.312
448.513
448.72
448.923
449.131
449.332
449.53
449.723
449.923
450.121
450.314
450.51
450.698
450.893
451.076
451.245
451.407
451.546
451.691
451.843
451.995
452.147
452.3
452.46
452.613
452.772
452.934
453.096
453.255
453.446
453.634
453.823
454.007
454.2
454.391
454.584
454.778
454.992
455.23
455.467
455.703
455.939
456.174
456.407
456.643
456.874
457.103
457.33
457.587
457.82
458.065
458.337
458.602
458.872
459.136
459.394
459.667
459.942
460.217
460.489
460.756
461.014
461.271
461.518
461.745
461.982
462.217
462.468
462.723
462.967
463.225
463.475
463.724
463.981
464.241
464.504
464.749
464.985
465.221
465.44
465.656
465.87
466.043
466.216
466.402
466.588
466.774
466.977
467.176
467.375
467.59
467.799
468.026
468.255
468.483
468.719
468.947
469.183
469.417
469.644
469.867
470.088
470.305
470.528
470.754
470.978
471.199
471.419
471.634
471.849
472.06
472.271
472.478
472.683
472.889
473.093
473.298
473.483
473.667
473.855
474.048
474.25
474.461
474.661
474.858
475.035
475.204
475.388
475.565
475.75
475.925
476.09
476.253
476.4
476.546
476.722
476.905
477.111
477.315
477.521
477.733
477.958
478.178
478.398
478.616
478.841
479.074
479.307
479.543
479.778
480.013
480.243
480.459
480.68
480.906
481.114
481.333
481.533
481.739
481.946
482.145
482.35
482.568
482.809
483.052
483.289
483.522
483.752
483.988
484.224
484.46
484.697
484.934
485.162
485.376
485.58
485.779
485.968
486.17
486.387
486.617
486.849
487.077
487.281
487.496
487.704
487.92
488.138
488.339
488.536
488.734
488.942
489.148
489.357
489.571
489.773
489.971
490.167
490.378
490.601
490.816
491.023
491.233
491.452
491.654
491.862
492.059
492.259
492.459
492.665
492.872
493.09
493.317
493.544
493.776
493.998
494.22
494.446
494.662
494.867
495.072
495.291
495.503
495.704
495.914
496.11
496.306
496.501
496.7
496.901
497.103
497.301
497.497
497.691
497.877
498.069
498.265
498.459
498.653
498.843
499.033
499.197
499.357
499.508
499.656
499.8
499.941
500.078
500.166
500.255
500.349
500.439
500.528
500.616
500.753
500.892
501.027
501.16
501.297
501.437
501.579
501.728
501.878
502.056
502.237
502.426
502.618
502.821
503.022
503.228
503.437
503.649
503.869
504.088
504.282
504.475
504.667
504.868
505.071
505.274
505.477
505.681
505.882
506.054
506.224
506.381
506.538
506.677
506.814
506.951
507.083
507.215
507.328
507.444
507.56
507.675
507.79
507.887
507.983
508.079
508.173
508.263
508.353
508.489
508.629
508.77
508.91
509.048
509.189
509.328
509.47
509.615
509.763
509.911
510.056
510.205
510.359
510.54
510.723
510.908
511.096
511.284
511.474
511.634
511.79
511.946
512.102
512.26
512.418
512.576
512.732
512.882
513.062
513.255
513.448
513.639
513.825
513.984
514.141
514.296
514.451
514.605
514.778
514.949
515.121
515.29
515.459
515.622
515.786
515.952
516.116
516.277
516.412
516.533
516.653
516.772
516.893
517.009
517.122
517.232
517.339
517.448
517.519
517.594
517.662
517.731
517.802
517.875
517.952
518.03
518.108
518.208
518.308
518.408
518.505
518.607
518.71
518.82
518.931
519.047
519.165
519.285
519.407
519.535
519.671
519.816
519.961
520.105
520.247
520.389
520.531
520.663
520.796
520.926
521.058
521.184
521.306
521.439
521.568
521.701
521.83
521.951
522.076
522.197
522.312
522.415
522.516
522.618
522.718
522.81
522.901
522.992
523.083
523.173
523.266
523.365
523.463
523.533
523.598
523.66
523.734
523.807
523.949
524.13
524.313
524.506
524.702
524.898
525.096
525.293
525.51
525.724
525.941
526.162
526.379
526.596
526.815
527.034
527.254
527.474
527.693
527.917
528.122
528.303
528.484
528.678
528.903
529.13
529.352
529.572
529.779
529.994
530.207
530.414
530.623
530.83
531.037
531.247
531.456
531.67
531.884
532.094
532.302
532.507
532.713
532.902
533.029
533.153
533.288
533.423
533.56
533.669
533.778
533.888
534.007
534.129
534.249
534.369
534.487
534.602
534.715
534.83
534.946
535.061
535.172
535.283
535.393
535.493
535.595
535.7
535.859
536.06
536.267
536.501
536.74
536.988
537.249
537.503
537.767
538.023
538.275
538.516
538.741
538.968
539.188
539.405
539.619
539.826
540.043
540.257
540.473
540.678
540.893
541.093
541.308
541.52
541.717
541.914
542.084
542.253
542.419
542.574
542.725
542.878
543.031
543.184
543.337
543.458
543.581
543.685
543.788
543.895
544.003
544.147
544.325
544.504
544.683
544.862
545.084
545.303
545.523
545.738
545.947
546.152
546.355
546.55
546.729
546.91
547.077
547.242
547.416
547.592
547.764
547.931
548.084
548.251
548.434
548.633
548.801
548.974
549.15
549.326
549.51
549.686
549.871
550.055
550.237
550.45
550.66
550.865
551.069
551.293
551.52
551.731
551.959
552.188
552.413
552.639
552.868
553.095
553.318
553.542
553.761
553.985
554.212
554.433
554.65
554.859
555.059
555.267
555.489
555.7
555.911
556.13
556.337
556.548
556.779
557.007
557.25
557.493
557.734
557.975
558.212
558.438
558.655
558.862
559.061
559.238
559.43
559.591
559.754
559.939
560.126
560.332
560.542
560.761
560.977
561.195
561.4
561.613
561.835
562.063
562.294
562.533
562.774
563.012
563.254
563.5
563.717
563.959
564.204
564.45
564.691
564.928
565.177
565.43
565.675
565.929
566.181
566.433
566.681
566.93
567.177
567.417
567.649
567.876
568.101
568.323
568.544
568.749
568.947
569.145
569.352
569.55
569.742
569.946
570.159
570.367
570.566
570.752
570.927
571.072
571.215
571.356
571.485
571.614
571.757
571.905
572.066
572.257
572.446
572.634
572.816
573
573.194
573.374
573.553
573.73
573.906
574.061
574.216
0.0912386
0.0910877
0.298959
0.213061
0.285984
0.298857
0.0377649
0.0387537
0.0708076
0.162572
0.0529406
0.0794118
